Electron =[...
 8.81905499084755e+000    5.01732167300938e+001
 9.92868289859101e+000    5.17850130830009e+001
 1.09618507851006e+001    5.37195723895468e+001
 1.33489265984153e+001    5.51155817990319e+001
 1.65762446603087e+001    5.61888282548781e+001
 2.05855582905800e+001    5.74771276849511e+001
 2.36295002203953e+001    5.84435816228793e+001
 2.71246892641213e+001    5.95175620479208e+001
 2.99396639850328e+001    6.08069624317867e+001
 3.17828422962174e+001    6.28494152100436e+001
 3.44190897320245e+001    6.56443699057951e+001
 3.95369536684918e+001    6.84387741246500e+001
 4.53851149074307e+001    6.95127545496916e+001
 5.74710240804312e+001    7.03707645390123e+001
 8.18801790894670e+001    7.12276735745401e+001
 1.42017756009912e+002    7.27279066097596e+001
 2.32205570650877e+002    7.40136371476489e+001
 3.57966302008138e+002    7.55149711366614e+001
 5.85439779770873e+002    7.74458605972307e+001
 8.50853057874133e+002    7.89477450631397e+001
 1.26150139684188e+003    8.12021314465432e+001
 1.76351346291511e+003    8.37796477681832e+001
 2.23454710680255e+003    8.62505550642040e+001
 2.66967332161979e+003    8.90445922984612e+001
 3.65976729538292e+003    9.18373450866267e+001
 4.82251895134489e+003    9.39853059367098e+001
 6.35495915183345e+003    9.62407932739063e+001
 7.74013649172587e+003    9.80669086318447e+001
 7.74013649172587e+003    100]

HCO3m = [...
 3.22508797909384e+001    5.00535797512578e+001
 3.42609431683938e+001    5.39239828104414e+001
 4.33918541387827e+001    5.52120987482155e+001
 6.18500275571963e+001    5.72517991419900e+001
 8.15005179187426e+001    5.93997599920731e+001
 8.82419852091832e+001    6.16570822522579e+001
 8.16314741528290e+001    6.34857665023799e+001
 6.71360449057453e+001    6.59607106289749e+001
 4.71800104101299e+001    6.82220697197339e+001
 3.58605117372294e+001    7.00525888928442e+001
 1.77011242849689e+001    7.32849892290021e+001
 9.44541838933642e+000    7.47962318021513e+001
 4.84572111350857e+000    7.62003148727848e+001
 2.58515756198751e+000    7.71739250103673e+001
 1.55164234249550e+000    7.80389077070435e+001
 7.35742550526727e-001    7.90136187984190e+001
 3.62848145985642e-001    7.99879629051969e+001
 0 100]

CO4m = [...
 3.16221085670983e+001    4.99462367564433e+001
 2.26576780568247e+001    5.15622534322235e+001
 1.59186995502675e+001    5.31784536003024e+001
 1.28307817166879e+001    5.43632633738362e+001
 1.11925761130620e+001    5.67301305364214e+001
 1.03532267859013e+001    5.83437618123167e+001
 8.51191046583040e+000    5.99584940420051e+001
 6.86308489849904e+000    6.20035157124455e+001
 5.53365011451755e+000    6.40485373828860e+001
 4.12331019777290e+000    6.53416076127285e+001
 2.62599915621640e+000    6.70662517294149e+001
 1.80898941393587e+000    6.85751089026793e+001
 1.45814228825284e+000    6.98674451633265e+001
 1.60994300017345e+000    7.19095309569857e+001
 1.57995636509401e+000    7.40602441915513e+001
 1.29857778111790e+000    7.49222910114462e+001
 1.00630670271133e+000    7.59999412824644e+001
 6.79533657143342e-001    7.67562965382343e+001
 4.07915891079913e-001    7.79438586962505e+001
 0 100]

O2m = [...
 2.36446801974813e+000    5.00779842270020e+001
 1.76363268232612e+000    5.39516901475645e+001
 1.87181189650635e+000    5.54565104902547e+001
 2.10741536535424e+000    5.71758333302751e+001
 2.19326023371396e+000    5.87883636523775e+001
 2.23885640271205e+000    6.11537628765721e+001
 2.19706286104222e+000    6.31969496240243e+001
 2.03290272655068e+000    6.55632663097130e+001
 1.99537528171582e+000    6.81440854927319e+001
 2.20301185180875e+000    7.00786447992778e+001
 2.90170870382804e+000    7.11513407782275e+001
 4.30071031262263e+000    7.25455152647243e+001
 6.12834823049610e+000    7.38325302487055e+001
 7.17562046111303e+000    7.53364331299015e+001
 7.61479957149679e+000    7.65186740112517e+001
 7.18198995559635e+000    7.75944893592816e+001
 6.51140307189907e+000    7.81330392563424e+001
 5.24765243673837e+000    7.89952695685362e+001
 3.68624206310454e+000    8.01813637881618e+001
 2.39351620323343e+000    8.11531390027560e+001
 1.15779443929526e+000    8.28803520116261e+001
 6.29956850313268e-001    8.39613051440231e+001
 2.40732949520325e-001    8.57982465475924e+001
 0 100]

NO3m = [...
 8.12014876132275e+001    5.00449556132129e+001
 4.87360403167975e+001    5.08024118227758e+001
 2.86804363919434e+001    5.14525250375242e+001
 1.65496524347176e+001    5.21028217445714e+001
 9.00391782058204e+000    5.29687219027417e+001
 4.44067415105738e+000    5.40505924966329e+001
 1.69689625568090e+000    5.57800074130889e+001
 7.89063942727258e-001    5.70774814581032e+001
 4.12822592070620e-001    5.83738545493246e+001
 1.91964253003446e-001    5.96713285943389e+001
 0 100]

Clm = [...
 2.63941389896509e+002    5.00339460752832e+001
 5.35710917051423e+002    5.15327111721121e+001
 6.78368999986192e+002    5.23907211614329e+001
 7.19827297594452e+002    5.33579090685564e+001
 7.48864410333353e+002    5.40027010066388e+001
 6.52892366736273e+002    5.49717238367506e+001
 5.58098558184744e+002    5.57258771849345e+001
 4.49800291718419e+002    5.66956339842417e+001
 3.55494488190844e+002    5.78806272500743e+001
 2.70123816621582e+002    5.89584610133913e+001
 1.47024264227319e+002    6.08996260426950e+001
 1.03269269187883e+002    6.18706672880939e+001
 6.70680023915526e+001    6.33800749382548e+001
 4.35571683635104e+001    6.48894825884158e+001
 2.88469299295435e+001    6.61836537720512e+001
 1.98711359028320e+001    6.75849844582023e+001
 1.34218813610074e+001    6.89864986366522e+001
 1.12513688151769e+001    7.00634149384750e+001
 1.08246986686270e+001    7.16766792297727e+001
 1.04115688370617e+001    7.26447845983904e+001
 1.00154757052621e+001    7.39354694283481e+001
 7.91494720133659e+000    7.49054097199541e+001
 6.63386440627428e+000    7.55522200733235e+001
 3.27260861938734e+000    7.72792495898947e+001
 2.48596855554985e+000    7.76043979434183e+001
 1.71194686260153e+000    7.82530432197761e+001
 1.22611544838396e+000    7.87937950244228e+001
 7.50467107823041e-001    7.94435412545735e+001
 4.59337561292933e-001    8.00932874847243e+001
 0 100];

